L2,G11A.2015.1.dna,G11A.2015.2.dna,G11A.2015.3.dna,G11A.2015.4.dna,G11A.2015.5.dna,G11B.2015.1.dna,G11B.2015.2.dna,G11B.2015.3.dna,G11B.2015.4.dna,G11B.2015.5.dna,G11C.2015.1.dna,G11C.2015.2.dna,G11C.2015.3.dna,G11C.2015.4.dna,G11C.2015.5.dna,G1A.2015.1.dna,G1A.2015.2.dna,G1A.2015.3.dna,G1A.2015.4.dna,G1A.2015.5.dna,G1B.2015.1.dna
Acetoin biosynthesis,293808,528986,437819,380458,390463,36344,45847,36694,52164,47106,46985,40363,39316,41425,50533,447368,384153,353602,407047,366271,41676
Acetyl-coA fermentation to butyrate II (clostridium),36559,69028,61570,49691,47520,4483,5768,4393,6772,5525,5907,5382,5107,5587,7359,72154,55516,53715,57258,50440,6048
Acetylene degradation,398578,694801,573536,476180,458075,48613,61022,45228,65523,55546,68056,56562,50079,52537,63990,695208,559566,536407,568208,506642,61327
Ammonia assimilation,392978,729375,614440,530741,532131,48400,63134,49599,71478,65358,59649,54898,52214,56501,69814,574688,504554,445888,546522,496231,54461
Aromatic carboxylic acid degradation,562549,1029963,872147,707311,679970,70328,86843,65027,97027,82958,94412,81409,72646,77449,97132,988458,811113,758896,826742,733958,86406
Assimilatory nitrate reduction,194416,328737,256939,218346,211984,23281,28368,20768,29601,25162,32815,26598,22430,23930,28626,324820,258075,253487,258392,229660,28487
Bifidobacterium shunt,650433,1255422,1124080,901454,838905,75723,108890,81881,117786,103691,101136,93704,89378,94251,118586,1060341,912039,830637,981489,882852,97192
BTEX and related aromatics degradation,184308,346401,307905,258799,246932,22730,30215,24360,34896,30771,30388,26517,25924,28478,34351,280254,243807,226514,270432,252473,27269
Carbohydrate esterase,523964,933834,749004,629495,598703,64560,79571,58605,86108,69776,90317,74532,65383,68918,83934,891352,727697,680796,739519,657617,77855
Chemoautotrophic oxidation of sulfur compounds,270359,497177,428201,364329,379355,35198,44362,34798,50307,49144,40531,37937,37931,40147,50404,393798,362435,309468,380243,341334,37409
Chlorinated aromatics degradation,16512,27013,19864,15145,14112,2285,2242,1430,2311,1869,3055,2288,1832,1813,2174,31444,24082,22476,22371,19546,2588
Denitrification,423601,783637,618091,489373,436706,46654,64421,42240,64624,55933,60773,55957,47581,51156,64458,599676,535984,494783,531410,468101,56432
Dissimilatory nitrate reduction,27060,47178,38248,30964,28351,3347,4259,3106,3963,3957,4530,3593,3102,3239,3868,39463,34235,31451,34430,31008,3727
Formaldehyde oxidation (glutathione-dependent),31626,59711,43970,34317,30942,4076,4699,3190,5443,3906,4839,4218,3603,4277,4783,51636,44264,40251,42008,36573,4553
Formaldehyde oxidation (h4mpt pathway),1097,2249,2021,1650,1685,103,196,137,219,211,109,127,146,206,246,1514,1323,1153,1615,1515,165
Formaldehyde oxidation (tetrahydrofolate pathway),26357,49218,42952,38299,40157,3271,4823,3825,5136,5131,3998,3933,4080,4270,4995,34859,31472,28131,37556,35381,3410
From acetate,443062,762876,631052,555214,547775,54581,67847,53301,78451,66530,72748,61979,56205,61547,74198,742912,606563,558515,612384,554372,64388
From dimethylamine,43,81,51,52,56,5,6,3,6,2,11,8,3,8,8,67,58,52,92,77,0
From formate,473084,868927,742632,652029,632074,59475,78030,63271,88245,77500,79043,67073,65223,69466,82308,758224,638855,592558,687284,633554,70548
From methanol,1257165,2426421,2082564,1768670,1800897,148621,218781,166714,233950,211387,191093,181546,181235,187648,237672,1742023,1595243,1372429,1740568,1583253,167660
From methylamine,6,39,104,80,119,0,0,4,4,15,0,1,7,5,17,32,50,22,95,92,6
From trimethylamine,55918,100766,82938,72317,74910,7282,9273,6754,9774,9005,8850,7933,7841,7425,9307,86680,75869,69437,79442,71274,8021
Glutamate degradation V (via hydroxyglutarate),359599,683744,599525,527000,534136,45095,61425,50975,70723,62910,58525,53478,52070,56106,68911,567230,490246,443756,545725,506297,54618
Glycoside hydrolase,1209244,2185415,1793926,1536621,1438757,143670,195065,143754,203060,162411,193937,168117,151459,162443,201641,1989085,1658572,1544674,1652282,1453905,172746
Glycosyltransferase,1180107,2196759,1903684,1652354,1596191,140242,196250,153684,220342,190532,194356,169505,166537,173883,210673,1845368,1608583,1480281,1729538,1564092,173572
Heterolactic fermentation,329156,634629,544821,488424,486407,39718,57073,45746,65030,56094,50891,46063,47970,52912,60546,521265,437752,421980,500643,460792,49897
Homolactic fermentation,80186,151696,132120,112528,112317,10130,12721,10104,14961,13338,13088,11138,11252,11906,15452,130015,109781,99891,119339,106871,11878
Hydrocarbon degradation,242877,445131,382148,324235,344521,31210,37632,29464,44670,39718,41111,34846,32572,35640,44639,417520,337464,313097,347456,312210,36344
Hydrogen production,62,227,87,30,30,1,1,2,1,7,2,1,0,0,2,6,9,3,2,3,1
Hydroxylamine reduction,3164,6423,5842,4671,4465,389,556,381,586,563,389,430,368,452,616,4506,4228,3629,4394,3905,441
Lysine fermentation to acetate and butyrate,49727,90921,74883,59538,59675,5857,7701,5641,8117,7891,7748,6501,6046,6521,7965,78735,66621,62426,69190,59973,7305
Methane oxidation to cO2,251283,475824,378574,300169,271883,29167,39732,27308,41339,34014,38518,35465,31424,33881,40086,366239,323775,287634,332731,297887,34831
Methane oxydation,2555,3174,2158,1948,1669,298,312,266,320,162,475,321,223,286,288,4584,3101,3426,2277,1877,343
Methanol oxidation to formaldehyde,66597,137522,119225,101883,99956,7964,12621,9968,13340,12854,10127,10047,10043,11100,13321,87747,84046,72627,97760,89002,9108
Methylamine to formaldehyde,2471,5304,6533,4164,4381,248,587,346,535,411,256,451,431,463,589,3333,3608,2442,4344,3895,379
Mixed acid fermentation,889893,1649394,1407847,1192538,1167653,108579,143394,112035,161792,138415,144487,127105,119939,128345,157773,1471612,1231556,1139540,1306167,1178794,135979
Nitoaromatics degradation,13653,25565,23764,20256,19844,1535,2164,1795,2568,2373,2171,2012,1820,2004,2516,23042,18711,17398,21101,19278,2032
Nitrification,448,1318,554,525,344,46,86,42,63,60,80,36,54,72,53,1265,1210,1204,1207,1006,140
Nitrification (aerobic ammonia oxydation bacterial and archea),5842,10758,9606,7293,7147,643,934,552,939,798,692,648,622,721,1003,9122,8464,7540,8241,7242,917
Nitrogen Fixation,10551,20897,18598,18802,17955,1372,1981,1814,2277,1953,1753,1468,1705,1790,2234,16654,14801,12849,16889,15478,1546
Other aromatics degradation,564609,1098912,951706,798315,770542,68086,95046,73775,104369,93644,90960,82317,77991,83176,105449,873633,760391,690532,836483,767322,83922
PAP2,44290,75383,63822,58056,59500,4816,7118,5768,8060,6180,6769,6156,5936,6179,8024,58421,51634,47879,56732,52408,5822
PhnH,416,752,1006,823,724,49,50,37,63,88,77,48,51,72,93,918,751,632,884,847,99
Phytase,1,8,1,2,3,7,0,0,0,0,1,0,0,4,0,2,12,5,21,22,2
Polycyclic aromatic hydrocarbon degradation,1537170,2839190,2381158,2005950,1964578,186896,244972,185640,274560,232032,259366,220878,202431,219500,270332,2614314,2130671,1997996,2223513,2010655,233986
Polycyclic aromatics degradation,11699,19477,16465,12160,10481,1449,1843,1120,1315,1272,1845,1620,1088,1113,1390,17808,15909,13002,13791,11606,1667
Polysaccharide lyase,793104,1446684,1206992,932821,828347,83742,125447,82363,120808,103396,117742,104744,90903,95540,115728,1149453,1008285,902660,1009788,886910,113966
Ppx-GppA,24589,47567,38384,32178,32574,2782,4228,3184,4291,4275,3731,3567,3149,3452,4127,35394,32021,28105,35151,32819,3538
Pyruvate Fermentation,1025681,1867460,1604841,1386770,1412701,131565,165943,132748,190743,171862,171163,146560,140685,151258,185042,1662155,1390266,1271670,1487270,1359068,152813
Pyruvate fermentation to butanol,275289,524098,455730,380892,396484,34359,45519,35936,52627,48775,44487,40509,39418,42264,53220,446676,380861,335833,411784,376700,41470
RuMP pathway for formaldehyde fixation (first two steps are common to both RuMP pathway variants),74683,138899,114495,96500,96388,9154,11928,9235,12868,11399,12407,10561,9575,10484,12886,123599,104452,98880,108891,97640,11225
Serine pathway for formaldehyde fixation,157003,311973,274089,235150,246077,19544,27390,22566,31117,28897,24652,22867,23845,24742,30959,237076,213145,187811,237401,217586,23110
Succinate fermentation to butyrate,35666,61820,51199,42799,44395,4322,5199,4238,5859,5490,5929,4944,4308,4552,5715,63211,51308,47846,48934,43959,5502
Sulfate reduction (assimilatory),113188,204226,165379,139613,143565,14359,17192,13055,19130,18067,19376,16003,14700,15603,19479,186217,160355,145032,160390,143873,16275
Sulfate reduction (dissimilatory),95,159,285,297,224,13,6,17,32,21,7,20,26,38,48,128,142,86,236,254,26
Sulfite oxidation,54688,95082,75880,66202,62395,6255,8066,6081,8547,7344,8600,7076,6487,6591,7864,80443,67567,64883,69022,61384,7369
Sulfoacetaldehyde degradation,76495,146565,129306,109106,104938,10556,12914,10188,14883,12915,13276,11530,10639,11914,15474,134788,114238,104956,117340,106099,12229
Sulfolactate degradation,192840,342358,299944,249349,249513,24173,30112,23541,31819,31356,33199,26790,24976,25673,33538,328289,268653,251296,281884,252736,28975
Thiosulfate disproportionation,91,303,182,257,488,17,18,10,31,15,17,28,12,25,51,301,237,220,269,288,31
