Group.1,G11.1.RNA,G11.2.RNA,G11.3.RNA,G11.4.RNA,G11.5.RNA,G11B.1.RNA,G11C.1.RNA,G1.1.RNA,G1.2.RNA,G1.3.RNA,G1.4.RNA,G1.5.RNA,G1B.1.RNA,G1C.1.RNA
aclA,41,78,749,310,104,38,18,109,21,34,34,24,15,32
aclB,24,54,327,171,28,8,3,40,7,12,2,4,2,10
codh (catalytic),0,0,0,0,0,0,0,0,0,0,0,0,0,0
codhC (beta),0,0,0,0,0,0,0,0,0,0,0,0,0,0
codhD (delta),0,0,0,0,0,0,0,0,0,0,0,0,0,0
Form I,9251,3428,9767,4437,3342,356,264,500,1939,649,448,546,481,270
Form II,0,0,0,0,0,0,0,0,0,0,0,0,0,0
Form III,1922,1991,4283,2067,1433,566,384,301,426,599,512,520,548,396
Form II/III,35,78,49,43,30,79,129,25,53,118,69,85,46,134
Form IV,0,0,0,0,0,0,0,0,0,0,0,0,0,0
