Group.1,G11A.2015.1.DNA,G11A.2015.2.DNA,G11A.2015.3.DNA,G11A.2015.4.DNA,G11A.2015.5.DNA,G11B.2015.1.DNA,G11B.2015.2.DNA,G11B.2015.3.DNA,G11b.2015.4.DNA,G11B.2015.5.DNA,G11C.2015.1.DNA,G11C.2015.2.DNA,G11C.2015.3.DNA,G11C.2015.4.DNA,G11C.2015.5.DNA,G1A.2015.1.DNA,G1A.2015.2.DNA,G1A.2015.3.DNA,G1A.2015.4.DNA,G1A.2015.5.DNA,G1B.2015.1.DNA,G1B.2015.2.DNA,G1B.2015.3.DNA,G1B.2015.4.DNA,G1B.2015.5.DNA,G1C.2015.1.DNA,G1C.2015.2.DNA,G1C.2015.3.DNA,G1C.2015.4.DNA,G1C.2015.5.DNA,V10A.2015.1.DNA,V10A.2015.2.DNA,V10A.2015.3.DNA,V10A.2015.4.DNA,V10A.2015.5.DNA,V10B.2015.1.DNA,V10B.2015.2.DNA,V10B.2015.3.DNA,V10B.2015.4.DNA,V10B.2015.5.DNA,V10C.2015.1.DNA,V10C.2015.2.DNA,V10C.2015.3.DNA,V10C.2015.4.DNA
aclA,2328,3362,4017,2685,2976,218,316,216,323,523,258,163,226,266,368,3232,2739,2601,3942,3602,440,534,363,490,416,377,604,756,606,556,2854,5120,8119,4720,5759,393,489,662,793,857,207,843,715,623
aclB,48,222,216,137,112,6,23,14,16,29,16,15,9,18,28,41,54,40,92,78,0,9,8,16,7,2,8,4,28,26,42,76,151,124,321,6,6,7,22,80,17,5,14,11
codh (catalytic),0,2,5,16,10,1,3,2,0,0,5,0,0,1,2,25,5,0,1,0,4,0,0,0,0,0,0,4,0,2,3,5,0,5,2,1,6,1,2,0,4,2,3,0
codhC (beta),0,0,16,65,20,2,0,1,2,0,2,0,0,4,8,56,9,0,0,0,0,7,2,2,2,0,0,5,0,0,8,9,14,18,8,2,2,2,3,2,7,6,0,8
codhD (delta),0,0,8,14,14,0,2,0,0,0,0,0,0,0,0,2,3,0,0,0,0,0,0,0,0,0,0,0,0,0,0,2,0,5,1,0,3,1,0,0,1,0,0,1
Form I,3448,5218,4035,3471,4565,391,581,284,483,358,380,423,346,406,605,4633,4555,3771,3775,3477,445,563,486,485,435,383,608,850,459,653,2047,2611,2634,2734,3208,232,344,338,421,385,353,298,400,285
Form II,1,0,2,4,14,0,0,0,0,0,1,0,1,0,1,0,16,1,2,0,2,0,0,0,0,0,0,2,0,0,0,4,0,2,3,0,0,0,0,0,0,0,0,0
Form III,6947,14136,13813,12368,11507,924,1329,1173,1694,1399,934,1098,1081,1260,1783,11180,10387,9463,11235,10799,987,1512,1291,1339,1332,1314,1684,1472,1115,1342,6641,7912,8928,7725,9279,872,1012,960,1333,1194,994,1133,1138,1083
Form II/III,2688,3578,1993,1396,1129,344,224,135,275,144,641,353,398,222,197,4915,3314,3173,2900,2487,406,323,329,209,173,489,580,681,346,399,4011,2966,1725,1495,1528,493,350,309,236,147,582,348,304,196
Form IV,0,0,0,0,0,0,0,0,0,0,0,0,0,0,0,0,0,0,0,0,0,0,0,0,0,0,0,0,0,0,0,0,0,0,0,0,0,0,0,0,0,0,0,0
