Group.1,G11A.2015.1.DNA,G11A.2015.2.DNA,G11A.2015.3.DNA,G11A.2015.4.DNA,G11A.2015.5.DNA,G11B.2015.1.DNA,G11B.2015.2.DNA,G11B.2015.3.DNA,G11b.2015.4.DNA,G11B.2015.5.DNA,G11C.2015.1.DNA,G11C.2015.2.DNA,G11C.2015.3.DNA,G11C.2015.4.DNA,G11C.2015.5.DNA,G1A.2015.1.DNA,G1A.2015.2.DNA,G1A.2015.3.DNA,G1A.2015.4.DNA,G1A.2015.5.DNA,G1B.2015.1.DNA,G1B.2015.2.DNA,G1B.2015.3.DNA,G1B.2015.4.DNA,G1B.2015.5.DNA,G1C.2015.1.DNA,G1C.2015.2.DNA,G1C.2015.3.DNA,G1C.2015.4.DNA,G1C.2015.5.DNA,V10A.2015.1.DNA,V10A.2015.2.DNA,V10A.2015.3.DNA,V10A.2015.4.DNA,V10A.2015.5.DNA,V10B.2015.1.DNA,V10B.2015.2.DNA,V10B.2015.3.DNA,V10B.2015.4.DNA,V10B.2015.5.DNA,V10C.2015.1.DNA,V10C.2015.2.DNA,V10C.2015.3.DNA,V10C.2015.4.DNA
aclA,2328,3362,4017,2685,2976,218,316,216,323,523,258,163,226,266,368,3232,2739,2601,3942,3602,440,534,363,490,416,377,604,756,606,556,2854,5120,8119,4720,5759,393,489,662,793,857,207,843,715,623
aclB,48,222,216,137,112,6,23,14,16,29,16,15,9,18,28,41,54,40,92,78,0,9,8,16,7,2,8,4,28,26,42,76,151,124,321,6,6,7,22,80,17,5,14,11
aprA,0,0,0,0,0,0,0,0,0,0,0,0,0,0,0,0,0,0,0,0,0,0,0,0,0,0,0,0,0,0,0,0,0,0,0,0,0,0,0,0,0,0,0,0
arsC,947,1847,1490,1311,1230,139,107,99,158,189,165,143,106,130,155,2025,1651,1351,1494,1355,142,167,144,125,110,212,198,212,142,153,1348,1340,1045,833,1011,137,171,130,150,88,193,146,140,103
arsenite oxidase large,1463,2806,2545,2240,1834,111,176,120,250,115,132,167,146,182,183,1979,1599,1718,1678,1574,148,218,161,205,180,345,268,276,197,214,1562,1617,1610,1124,1517,254,246,190,237,163,202,209,170,89
arsenite oxidase small,354,655,627,536,438,33,55,47,37,27,29,55,43,46,47,363,378,351,486,424,35,68,53,100,82,67,74,68,69,74,332,423,509,259,339,36,38,37,76,35,47,43,48,30
asrB,0,0,0,0,0,0,0,0,0,0,0,0,0,0,0,0,0,0,0,0,0,0,0,0,0,0,0,0,0,0,0,0,0,0,0,0,0,0,0,0,0,0,0,0
asrC,0,0,0,0,0,0,0,0,0,0,0,0,0,0,0,0,0,0,0,0,0,0,0,0,0,0,0,0,0,0,0,0,0,0,0,0,0,0,0,0,0,0,0,0
ccoN,0,0,0,0,0,0,0,0,0,0,0,0,0,0,0,0,0,0,0,0,0,0,0,0,0,0,0,0,0,0,0,0,0,0,0,0,0,0,0,0,0,0,0,0
ccoO,0,0,0,0,0,0,0,0,0,0,0,0,0,0,0,0,0,0,0,0,0,0,0,0,0,0,0,0,0,0,0,0,0,0,0,0,0,0,0,0,0,0,0,0
ccoP,0,0,0,0,0,0,0,0,0,0,0,0,0,0,0,0,0,0,0,0,0,0,0,0,0,0,0,0,0,0,0,0,0,0,0,0,0,0,0,0,0,0,0,0
Chlorite dismutase,9912,17442,14220,13289,13592,1283,1691,1334,1919,1852,1573,1403,1455,1550,1734,14766,12800,12210,13971,12898,1367,1857,1420,1878,1631,1593,1919,2000,1594,1687,10042,11716,16584,12462,16395,1248,1474,1455,2109,1860,1207,1616,1610,1524
codh (catalytic),0,2,5,16,10,1,3,2,0,0,5,0,0,1,2,25,5,0,1,0,4,0,0,0,0,0,0,4,0,2,3,5,0,5,2,1,6,1,2,0,4,2,3,0
codhC (beta),0,0,16,65,20,2,0,1,2,0,2,0,0,4,8,56,9,0,0,0,0,7,2,2,2,0,0,5,0,0,8,9,14,18,8,2,2,2,3,2,7,6,0,8
codhD (delta),0,0,8,14,14,0,2,0,0,0,0,0,0,0,0,2,3,0,0,0,0,0,0,0,0,0,0,0,0,0,0,2,0,5,1,0,3,1,0,0,1,0,0,1
CoxA,0,0,0,0,0,0,0,0,0,0,0,0,0,0,0,0,0,0,0,0,0,0,0,0,0,0,0,0,0,0,0,0,0,0,0,0,0,0,0,0,0,0,0,0
CoxB,0,0,0,0,0,0,0,0,0,0,0,0,0,0,0,0,0,0,0,0,0,0,0,0,0,0,0,0,0,0,0,0,0,0,0,0,0,0,0,0,0,0,0,0
coxL,58648,108209,99844,92602,90478,8228,10508,8996,12126,10879,11361,9646,8618,9366,11326,104745,84204,79688,93792,87274,9406,12053,9337,12495,11241,12478,13801,14692,11002,13125,81326,81627,84262,76406,94509,10337,10633,9555,13666,11532,12019,10161,10790,9773
coxM,20452,43485,38717,33940,32794,2539,4072,3288,4195,3904,3805,3324,3697,3331,3984,32146,28409,23746,33788,31294,3213,4496,3408,4342,3769,3842,4821,4942,3871,4369,24731,28980,30931,26810,35156,2805,3278,3493,4906,3910,3218,3951,4284,3584
coxS,19867,37554,35109,32645,29687,2453,3682,2989,3942,3502,3176,2866,2855,3195,3699,30899,25654,22918,29780,28638,2926,3992,3204,4288,3756,3653,4215,4374,3342,3915,24658,25997,29072,25756,32241,3058,3358,3384,4377,3718,3310,3227,3486,3139
CydA,25520,38598,30449,27076,26105,3030,3757,2481,3848,3392,3928,3369,2706,2980,4002,37727,31336,28980,31075,28155,2996,3816,3136,3806,3353,3767,3894,4702,3077,3590,26514,25164,24769,20560,25442,3662,3459,2812,3476,3132,4053,2858,3040,2600
CydB,0,0,0,0,0,0,0,0,0,0,0,0,0,0,0,0,0,0,0,0,0,0,0,0,0,0,0,0,0,0,0,0,0,0,0,0,0,0,0,0,0,0,0,0
CyoA,0,0,0,0,0,0,0,0,0,0,0,0,0,0,0,0,0,0,0,0,0,0,0,0,0,0,0,0,0,0,0,0,0,0,0,0,0,0,0,0,0,0,0,0
CyoD,0,0,0,0,0,0,0,0,0,0,0,0,0,0,0,0,0,0,0,0,0,0,0,0,0,0,0,0,0,0,0,0,0,0,0,0,0,0,0,0,0,0,0,0
CyoE,0,0,0,0,0,0,0,0,0,0,0,0,0,0,0,0,0,0,0,0,0,0,0,0,0,0,0,0,0,0,0,0,0,0,0,0,0,0,0,0,0,0,0,0
cysC,0,0,0,0,0,0,0,0,0,0,0,0,0,0,0,0,0,0,0,0,0,0,0,0,0,0,0,0,0,0,0,0,0,0,0,0,0,0,0,0,0,0,0,0
cysN,0,0,0,0,0,0,0,0,0,0,0,0,0,0,0,0,0,0,0,0,0,0,0,0,0,0,0,0,0,0,0,0,0,0,0,0,0,0,0,0,0,0,0,0
cyt c552 large NrFA,3316,5396,3832,2837,2059,383,474,242,448,296,424,346,337,314,268,4898,3973,3836,4285,3800,505,501,478,423,325,685,702,713,571,560,3474,4072,3764,3015,3810,406,486,485,571,382,498,522,453,478
cyt c552 small NrfH,0,0,0,0,0,0,0,0,0,0,0,0,0,0,0,0,0,0,0,0,0,0,0,0,0,0,0,0,0,0,0,0,0,0,0,0,0,0,0,0,0,0,0,0
dsrA,0,0,0,0,0,0,0,0,0,0,0,0,0,0,0,0,0,0,0,0,0,0,0,0,0,0,0,0,0,0,0,0,0,0,0,0,0,0,0,0,0,0,0,0
dsrB,0,0,0,0,0,0,0,0,0,0,0,0,0,0,0,0,0,0,0,0,0,0,0,0,0,0,0,0,0,0,0,0,0,0,0,0,0,0,0,0,0,0,0,0
fae,0,0,0,0,0,0,0,0,0,0,0,0,0,0,0,0,0,0,0,0,0,0,0,0,0,0,0,0,0,0,0,0,0,0,0,0,0,0,0,0,0,0,0,0
fcc,3015,5615,4585,3556,3575,382,488,415,469,567,464,360,408,378,545,4021,3364,3003,3917,3679,350,471,469,473,435,526,589,540,615,497,4213,4087,4367,3810,4902,473,429,517,620,605,482,495,561,482
fdh thiol-independent type,0,0,0,0,0,0,0,0,0,0,0,0,0,0,0,0,0,0,0,0,0,0,0,0,0,0,0,0,0,0,0,0,0,0,0,0,0,0,0,0,0,0,0,0
Fe only alpha,0,0,0,0,0,0,0,0,0,0,0,0,0,0,0,0,0,0,0,0,0,0,0,0,0,0,0,0,0,0,0,0,0,0,0,0,0,0,0,0,0,0,0,0
Fe only beta,0,0,0,0,0,0,0,0,0,0,0,0,0,0,0,0,0,0,0,0,0,0,0,0,0,0,0,0,0,0,0,0,0,0,0,0,0,0,0,0,0,0,0,0
Fe only delta,0,0,0,0,0,0,0,0,0,0,0,0,0,0,0,0,0,0,0,0,0,0,0,0,0,0,0,0,0,0,0,0,0,0,0,0,0,0,0,0,0,0,0,0
formate dehydrogenase, alpha subunit,19350,36006,31677,24467,25308,2613,3124,2235,3705,3130,2975,2572,2438,2874,3862,30392,26010,22055,26405,23987,2648,2731,2546,3064,2667,3234,3530,3764,2862,3130,24176,23089,22729,19323,23343,2957,3135,2836,3195,2494,3446,2617,2877,2376
formate dehydrogenase, beta subunit,9290,14897,14881,13518,12210,1049,1488,1224,1496,1410,1367,1143,1121,1285,1515,12933,11964,10647,12740,11405,1277,1755,1279,1669,1519,1579,1798,2020,1300,1558,9565,11281,10729,8954,11154,1191,1413,1269,1675,1423,1126,1169,1194,1148
formate dehydrogenase, gamma subunit,6650,11440,9238,7114,7152,707,982,753,1054,834,790,852,715,878,1136,6653,5988,4998,7054,6530,686,892,848,838,869,870,1095,1016,801,942,6223,6789,7257,5739,7300,712,849,788,1105,861,754,784,980,720
Form I,3448,5218,4035,3471,4565,391,581,284,483,358,380,423,346,406,605,4633,4555,3771,3775,3477,445,563,486,485,435,383,608,850,459,653,2047,2611,2634,2734,3208,232,344,338,421,385,353,298,400,285
Form II,1,0,2,4,14,0,0,0,0,0,1,0,1,0,1,0,16,1,2,0,2,0,0,0,0,0,0,2,0,0,0,4,0,2,3,0,0,0,0,0,0,0,0,0
Form III,6947,14136,13813,12368,11507,924,1329,1173,1694,1399,934,1098,1081,1260,1783,11180,10387,9463,11235,10799,987,1512,1291,1339,1332,1314,1684,1472,1115,1342,6641,7912,8928,7725,9279,872,1012,960,1333,1194,994,1133,1138,1083
Form II/III,2688,3578,1993,1396,1129,344,224,135,275,144,641,353,398,222,197,4915,3314,3173,2900,2487,406,323,329,209,173,489,580,681,346,399,4011,2966,1725,1495,1528,493,350,309,236,147,582,348,304,196
Form IV,0,0,0,0,0,0,0,0,0,0,0,0,0,0,0,0,0,0,0,0,0,0,0,0,0,0,0,0,0,0,0,0,0,0,0,0,0,0,0,0,0,0,0,0
Formylmethanofuran:tetrahyromethanopterin formyltransferase,910,1840,1429,1319,1336,109,128,114,203,158,118,127,119,146,211,1218,1120,1110,1419,1291,152,142,178,241,211,112,112,148,160,132,935,1014,1552,1328,2034,96,94,108,187,270,106,109,129,162
glutathione/glutaredoxin type,0,0,0,0,0,0,0,0,0,0,0,0,0,0,0,0,0,0,0,0,0,0,0,0,0,0,0,0,0,0,0,0,0,0,0,0,0,0,0,0,0,0,0,0
Group 1,8831,10448,5676,4759,3173,1386,904,519,825,517,1679,1043,602,599,638,17862,13319,14690,8568,6471,1253,902,760,587,574,1760,1177,1742,709,1010,7851,5894,3927,3177,2543,1226,845,545,470,276,1529,536,458,332
Group 2a,15,55,137,194,299,5,2,2,8,10,2,3,15,2,0,130,60,201,64,77,7,2,4,8,8,26,11,6,1,13,19,19,2,0,4,6,2,9,2,0,2,0,1,2
Group 2b,7,17,47,99,66,0,4,2,6,6,0,0,5,0,21,53,9,6,6,6,0,3,0,6,0,0,1,10,4,0,5,9,10,21,13,5,0,4,0,2,3,0,0,4
Group 3a,0,0,0,0,0,0,0,0,0,0,0,0,0,0,0,0,0,0,0,0,0,0,0,0,0,0,0,0,0,0,0,0,0,0,0,0,0,0,0,0,0,0,0,0
Group 3b,1357,1208,411,164,61,169,78,20,31,13,317,146,31,20,10,2853,1580,1864,1093,798,235,77,122,40,28,349,280,449,156,219,1301,700,178,215,106,265,161,83,57,13,192,72,68,14
Group 3c,23,14,38,28,32,4,2,1,1,0,2,3,2,0,3,100,67,29,29,6,10,9,6,0,3,8,4,3,4,0,16,32,24,22,13,7,1,2,0,4,3,4,0,2
Group 3d,831,1312,774,595,347,125,152,65,67,28,140,104,66,63,36,1281,1312,1124,626,546,95,54,72,44,45,119,91,98,48,84,322,398,378,260,313,81,61,60,54,40,113,61,76,39
Group 4,23,31,25,12,2,0,1,0,1,0,8,1,2,3,0,242,200,167,103,52,23,0,2,0,0,35,3,8,5,2,28,40,1,3,1,7,4,6,0,0,11,2,4,2
Group A,22,14,3,0,0,3,0,0,1,0,4,2,0,0,0,118,73,46,26,26,6,4,0,0,0,6,2,4,0,2,9,32,3,1,1,2,3,0,0,0,1,2,0,0
Group B1/B3,3836,7825,8013,7103,7254,421,720,565,921,776,535,601,548,639,833,5898,4867,4344,6291,6050,563,908,684,842,710,797,843,800,615,742,4406,4859,5288,4819,5510,542,636,615,821,628,571,621,698,590
Haloacid dehydrogenase,15870,28772,26984,24239,23229,1824,2692,2088,2993,2713,2620,2316,2131,2381,3303,26526,22031,20333,23025,21146,2410,2910,2395,2702,2500,2810,3259,3608,2753,3003,20198,20593,21268,18116,22552,2559,2529,2444,3185,2584,2881,2537,2481,2194
hzoA,0,0,0,0,0,0,0,0,0,0,0,0,0,0,0,0,0,0,0,0,0,0,0,0,0,0,0,0,0,0,0,0,0,0,0,0,0,0,0,0,0,0,0,0
hzsA,0,0,0,0,0,0,0,0,0,0,0,0,0,0,0,0,0,0,0,0,0,0,0,0,0,0,0,0,0,0,0,0,0,0,0,0,0,0,0,0,0,0,0,0
madA,523,1085,1370,907,1020,39,107,71,105,83,51,96,84,82,124,785,784,502,897,798,70,113,74,108,119,100,118,91,59,96,441,507,578,523,578,46,75,96,112,61,58,93,110,65
madB,1146,2393,2692,1824,2140,125,230,132,220,178,106,204,216,214,275,1581,1541,1021,2027,1786,157,200,222,246,201,194,305,241,211,275,904,1115,1331,1249,1197,122,200,178,200,142,174,203,234,146
mcr alpha,0,0,1,16,8,0,0,0,0,0,0,2,0,0,0,3,8,0,2,0,0,0,0,0,1,2,0,0,0,0,2,0,3,6,2,0,5,0,2,3,0,2,0,0
methenyltetrahydromethanopterin cyclohydrolase,1122,1842,1534,1581,1401,147,187,133,247,230,121,128,146,164,232,1312,1179,1186,1465,1317,152,165,162,183,170,155,130,146,150,113,934,1098,1622,1784,1996,110,113,132,213,220,105,115,109,162
mmoB,1100,1491,993,1021,757,144,166,104,215,66,236,169,95,132,118,2071,1405,1452,1144,1051,150,155,138,153,125,191,168,262,109,153,1317,1090,725,498,449,204,147,71,90,48,230,98,92,61
mmoD,0,0,0,0,0,0,0,0,0,0,0,0,0,0,0,0,0,0,0,0,0,0,0,0,0,0,0,0,0,0,0,0,0,0,0,0,0,0,0,0,0,0,0,0
Mo-Fe type Alpha,0,0,0,0,0,0,0,0,0,0,0,0,0,0,0,0,0,0,0,0,0,0,0,0,0,0,0,0,0,0,0,0,0,0,0,0,0,0,0,0,0,0,0,0
Mo-Fe type beta,0,0,0,0,0,0,0,0,0,0,0,0,0,0,0,0,0,0,0,0,0,0,0,0,0,0,0,0,0,0,0,0,0,0,0,0,0,0,0,0,0,0,0,0
molybdenum-binding subunit,0,0,0,0,0,0,0,0,0,0,0,0,0,0,0,0,0,0,0,0,0,0,0,0,0,0,0,0,0,0,0,0,0,0,0,0,0,0,0,0,0,0,0,0
mtrA,1819,2499,1662,1338,1348,277,231,149,263,232,285,189,127,165,206,4180,3515,4299,3317,2609,391,350,263,329,253,543,354,444,231,332,284,291,513,358,321,32,54,49,74,59,52,24,23,46
mtrC,1631,3573,2494,1836,2067,240,391,243,279,236,311,231,172,220,219,3084,2379,2171,2291,1930,263,249,257,329,295,371,448,328,242,229,1795,2543,2783,2390,1646,232,238,282,268,192,285,296,305,128
napA,0,0,0,0,0,0,0,0,0,0,0,0,0,0,0,0,0,0,0,0,0,0,0,0,0,0,0,0,0,0,0,0,0,0,0,0,0,0,0,0,0,0,0,0
napB,171,317,177,179,115,30,33,17,26,20,22,27,6,36,21,186,177,143,174,163,17,34,22,19,32,38,22,38,30,22,184,128,128,106,142,25,24,22,8,14,25,23,25,13
narG,0,0,0,0,0,0,0,0,0,0,0,0,0,0,0,0,0,0,0,0,0,0,0,0,0,0,0,0,0,0,0,0,0,0,0,0,0,0,0,0,0,0,0,0
narH,0,0,0,0,0,0,0,0,0,0,0,0,0,0,0,0,0,0,0,0,0,0,0,0,0,0,0,0,0,0,0,0,0,0,0,0,0,0,0,0,0,0,0,0
NDMA-dependent methanol dehydrogenase EC 1.1.1.244,0,0,0,0,0,0,0,0,0,0,0,0,0,0,0,0,0,0,0,0,0,0,0,0,0,0,0,0,0,0,0,0,0,0,0,0,0,0,0,0,0,0,0,0
nifH,0,0,0,0,0,0,0,0,0,0,0,0,0,0,0,0,0,0,0,0,0,0,0,0,0,0,0,0,0,0,0,0,0,0,0,0,0,0,0,0,0,0,0,0
NirB,0,0,0,0,0,0,0,0,0,0,0,0,0,0,0,0,0,0,0,0,0,0,0,0,0,0,0,0,0,0,0,0,0,0,0,0,0,0,0,0,0,0,0,0
NirD,0,0,0,0,0,0,0,0,0,0,0,0,0,0,0,0,0,0,0,0,0,0,0,0,0,0,0,0,0,0,0,0,0,0,0,0,0,0,0,0,0,0,0,0
nirK,0,0,0,0,0,0,0,0,0,0,0,0,0,0,0,0,0,0,0,0,0,0,0,0,0,0,0,0,0,0,0,0,0,0,0,0,0,0,0,0,0,0,0,0
nirS,0,0,0,0,0,0,0,0,0,0,0,0,0,0,0,0,0,0,0,0,0,0,0,0,0,0,0,0,0,0,0,0,0,0,0,0,0,0,0,0,0,0,0,0
norB,8225,13589,8441,5733,4267,1135,1176,644,855,855,1176,1057,728,748,753,13973,12440,11916,9077,7152,891,860,831,722,647,1210,1331,1339,961,1010,5853,5477,5366,4182,5299,928,790,776,834,645,894,704,724,517
norC,5617,11446,10590,7462,6512,481,1114,657,935,836,694,740,695,698,919,6730,6361,5284,7259,6122,775,859,855,769,650,1055,1340,1354,870,846,4510,6800,7840,6503,9842,565,835,905,1296,1183,587,848,955,971
nosD,0,0,0,0,0,0,0,0,0,0,0,0,0,0,0,0,0,0,0,0,0,0,0,0,0,0,0,0,0,0,0,0,0,0,0,0,0,0,0,0,0,0,0,0
nosZ,0,0,0,0,0,0,0,0,0,0,0,0,0,0,0,0,0,0,0,0,0,0,0,0,0,0,0,0,0,0,0,0,0,0,0,0,0,0,0,0,0,0,0,0
nrfD,0,0,0,0,0,0,0,0,0,0,0,0,0,0,0,0,0,0,0,0,0,0,0,0,0,0,0,0,0,0,0,0,0,0,0,0,0,0,0,0,0,0,0,0
nthA,5302,10294,9224,8114,7808,558,901,753,994,919,776,796,699,819,1061,8212,6972,6240,7909,7451,754,1149,861,1046,968,957,1110,1139,842,928,5820,6138,6965,6496,7302,762,813,757,1018,878,810,841,834,739
nthB,3922,6643,3679,2839,2226,347,493,315,470,287,476,546,415,308,310,1727,1931,1300,2333,2188,223,378,296,261,229,257,435,353,365,298,3174,2677,2782,2152,2746,325,388,404,452,354,416,375,444,373
nxrA,521,1126,1278,813,1259,70,228,100,185,368,57,129,112,107,256,143,384,165,885,1181,10,157,133,253,225,17,96,65,259,289,83,206,1180,1176,2842,4,39,56,168,494,2,33,34,97
nxrB,0,0,0,0,0,0,0,0,0,0,0,0,0,0,0,0,0,0,0,0,0,0,0,0,0,0,0,0,0,0,0,0,0,0,0,0,0,0,0,0,0,0,0,0
octR,1360,1162,413,133,68,243,93,28,28,34,352,142,29,26,8,2435,1364,2221,809,621,201,78,60,43,33,269,200,273,69,99,496,305,92,57,28,150,84,33,18,2,121,37,19,4
pcrA,5,11,13,19,16,0,2,0,6,0,5,0,3,2,0,2,1,1,3,0,0,1,0,2,0,0,0,0,0,0,8,6,15,23,9,1,2,0,5,0,0,0,0,0
pcrB,2060,2955,1885,1605,1396,296,263,141,217,242,545,290,165,136,162,5600,3279,3769,2793,2373,390,290,227,182,174,536,444,592,236,371,3138,2193,1336,1049,1071,500,301,230,228,130,572,231,212,134
phsA,0,0,0,0,0,0,0,0,0,0,0,0,0,0,0,0,0,0,0,0,0,0,0,0,0,0,0,0,0,0,0,0,0,0,0,0,0,0,0,0,0,0,0,0
pmoA,217,702,605,614,590,45,76,48,73,65,31,59,45,50,104,418,469,375,579,501,67,99,62,107,77,73,70,65,48,84,251,416,531,438,657,35,52,41,42,87,30,65,64,63
pmoB,318,969,873,819,911,52,116,93,100,134,60,44,73,113,174,359,578,419,658,609,63,114,84,94,92,65,84,81,62,87,309,510,685,546,881,35,58,57,89,153,32,70,82,93
pmoC,227,836,796,649,702,29,99,76,91,109,27,52,71,71,111,339,423,333,484,474,38,93,75,128,70,48,45,37,43,54,235,422,543,520,805,29,54,51,71,150,39,62,77,76
pqq EC 1.1.2.7,98128,209215,168429,130860,108010,11081,16536,10633,16082,12851,13326,14701,12627,13662,17000,125323,125416,101579,135192,121771,13236,17277,15848,15600,13555,15483,19735,17843,14497,15648,97143,104083,119594,99440,121032,10348,13368,13790,16332,13933,13944,14178,15372,14199
QoxA,0,0,0,0,0,0,0,0,0,0,0,0,0,0,0,0,0,0,0,0,0,0,0,0,0,0,0,0,0,0,0,0,0,0,0,0,0,0,0,0,0,0,0,0
QoxB,0,0,0,0,0,0,0,0,0,0,0,0,0,0,0,0,0,0,0,0,0,0,0,0,0,0,0,0,0,0,0,0,0,0,0,0,0,0,0,0,0,0,0,0
Reductive dehalogenase,157,585,443,425,325,40,66,42,51,43,32,39,46,47,88,121,210,127,335,394,36,36,24,71,68,15,25,22,25,35,212,325,483,395,443,18,34,33,78,72,21,55,44,60
sat,0,0,0,0,0,0,0,0,0,0,0,0,0,0,0,0,0,0,0,0,0,0,0,0,0,0,0,0,0,0,0,0,0,0,0,0,0,0,0,0,0,0,0,0
S-formylglutathione hydrolase,1675,2829,2305,1842,2502,195,239,163,307,220,165,206,166,228,323,2780,2307,1852,1960,1805,186,171,188,177,163,314,289,316,165,267,1811,1690,1198,881,1453,194,188,129,163,118,276,184,179,93
S-(hydroxymethyl)glutathione dehydrogenase,4667,8616,7349,5888,6587,663,727,481,822,790,686,693,633,698,842,9179,7755,5958,7161,6469,748,693,698,714,647,1015,944,918,717,778,5962,5691,5221,4152,5328,716,814,779,808,633,886,714,730,523
S-(hydroxymethyl)mycothiol dehydrogenase,0,0,0,0,0,0,0,0,0,0,0,0,0,0,0,0,0,0,0,0,0,0,0,0,0,0,0,0,0,0,0,0,0,0,0,0,0,0,0,0,0,0,0,0
soxB,0,0,0,0,0,0,0,0,0,0,0,0,0,0,0,0,0,0,0,0,0,0,0,0,0,0,0,0,0,0,0,0,0,0,0,0,0,0,0,0,0,0,0,0
soxC,0,0,0,0,0,0,0,0,0,0,0,0,0,0,0,0,0,0,0,0,0,0,0,0,0,0,0,0,0,0,0,0,0,0,0,0,0,0,0,0,0,0,0,0
soxY,0,0,0,0,0,0,0,0,0,0,0,0,0,0,0,0,0,0,0,0,0,0,0,0,0,0,0,0,0,0,0,0,0,0,0,0,0,0,0,0,0,0,0,0
Sqr,0,0,0,0,0,0,0,0,0,0,0,0,0,0,0,0,0,0,0,0,0,0,0,0,0,0,0,0,0,0,0,0,0,0,0,0,0,0,0,0,0,0,0,0
sulfur dioxygenase,0,0,0,0,0,0,0,0,0,0,0,0,0,0,0,0,0,0,0,0,0,0,0,0,0,0,0,0,0,0,0,0,0,0,0,0,0,0,0,0,0,0,0,0
thioredoxin,1637,2847,2381,2080,1993,177,245,187,232,257,339,259,265,175,242,2339,2118,2184,2085,1682,203,268,236,265,199,261,327,405,231,350,1354,1809,2139,1643,2304,192,222,227,338,232,139,207,260,273
ureA,0,0,0,0,0,0,0,0,0,0,0,0,0,0,0,0,0,0,0,0,0,0,0,0,0,0,0,0,0,0,0,0,0,0,0,0,0,0,0,0,0,0,0,0
ureB,0,0,0,0,0,0,0,0,0,0,0,0,0,0,0,0,0,0,0,0,0,0,0,0,0,0,0,0,0,0,0,0,0,0,0,0,0,0,0,0,0,0,0,0
ureC,0,0,0,0,0,0,0,0,0,0,0,0,0,0,0,0,0,0,0,0,0,0,0,0,0,0,0,0,0,0,0,0,0,0,0,0,0,0,0,0,0,0,0,0
Vanadium-type alpha,0,0,0,0,0,0,0,0,0,0,0,0,0,0,0,0,0,0,0,0,0,0,0,0,0,0,0,0,0,0,0,0,0,0,0,0,0,0,0,0,0,0,0,0
Vanadium-type beta,0,0,0,0,0,0,0,0,0,0,0,0,0,0,0,0,0,0,0,0,0,0,0,0,0,0,0,0,0,0,0,0,0,0,0,0,0,0,0,0,0,0,0,0
Vanadium-type delta,0,0,0,0,0,0,0,0,0,0,0,0,0,0,0,0,0,0,0,0,0,0,0,0,0,0,0,0,0,0,0,0,0,0,0,0,0,0,0,0,0,0,0,0
YgfK,0,0,0,0,0,0,0,0,0,0,0,0,0,0,0,0,0,0,0,0,0,0,0,0,0,0,0,0,0,0,0,0,0,0,0,0,0,0,0,0,0,0,0,0
