Group.1,G11.1.RNA,G11.2.RNA,G11.3.RNA,G11.4.RNA,G11.5.RNA,G11B.1.RNA,G11C.1.RNA,G1.1.RNA,G1.2.RNA,G1.3.RNA,G1.4.RNA,G1.5.RNA,G1B.1.RNA,G1C.1.RNA
aclA,41,78,749,310,104,38,18,109,21,34,34,24,15,32
aclB,24,54,327,171,28,8,3,40,7,12,2,4,2,10
aprA,0,0,0,0,0,0,0,0,0,0,0,0,0,0
arsC,10,48,72,46,31,49,30,8,19,45,21,26,15,24
arsenite oxidase large,5,46,38,48,10,40,30,6,14,37,24,19,8,14
arsenite oxidase small,5,7,18,22,5,6,6,4,7,14,5,5,7,2
asrB,0,0,0,0,0,0,0,0,0,0,0,0,0,0
asrC,0,0,0,0,0,0,0,0,0,0,0,0,0,0
ccoN,0,0,0,0,0,0,0,0,0,0,0,0,0,0
ccoO,0,0,0,0,0,0,0,0,0,0,0,0,0,0
ccoP,0,0,0,0,0,0,0,0,0,0,0,0,0,0
Chlorite dismutase,348,726,442,679,468,369,725,187,664,970,569,540,364,831
codh (catalytic),0,0,0,0,0,0,0,0,0,0,0,0,0,0
codhC (beta),0,0,0,0,0,0,0,0,0,0,0,0,0,0
codhD (delta),0,0,0,0,0,0,0,0,0,0,0,0,0,0
CoxA,0,0,0,0,0,0,0,0,0,0,0,0,0,0
CoxB,0,0,0,0,0,0,0,0,0,0,0,0,0,0
coxL,3488,5316,2034,4505,2335,3244,6082,1408,5500,8651,5973,4445,2530,6617
coxM,1394,1809,671,881,565,1080,1831,468,1742,2690,1659,1377,800,2171
coxS,1197,2002,1001,1097,911,1238,2300,665,2408,3360,2027,1588,940,2670
CydA,488,846,451,1119,320,533,917,182,1011,1317,879,682,390,1071
CydB,0,0,0,0,0,0,0,0,0,0,0,0,0,0
CyoA,0,0,0,0,0,0,0,0,0,0,0,0,0,0
CyoD,0,0,0,0,0,0,0,0,0,0,0,0,0,0
CyoE,0,0,0,0,0,0,0,0,0,0,0,0,0,0
cysC,0,0,0,0,0,0,0,0,0,0,0,0,0,0
cysN,0,0,0,0,0,0,0,0,0,0,0,0,0,0
cyt c552 large NrFA,36,69,82,24,27,57,34,8,33,62,57,63,33,59
cyt c552 small NrfH,0,0,0,0,0,0,0,0,0,0,0,0,0,0
dsrA,0,0,0,0,0,0,0,0,0,0,0,0,0,0
dsrB,0,0,0,0,0,0,0,0,0,0,0,0,0,0
fae,0,0,0,0,0,0,0,0,0,0,0,0,0,0
fcc,5,13,22,11,25,43,24,3,11,19,27,38,21,25
fdh thiol-independent type,0,0,0,0,0,0,0,0,0,0,0,0,0,0
Fe only alpha,0,0,0,0,0,0,0,0,0,0,0,0,0,0
Fe only beta,0,0,0,0,0,0,0,0,0,0,0,0,0,0
Fe only delta,0,0,0,0,0,0,0,0,0,0,0,0,0,0
formate dehydrogenase, alpha subunit,462,962,631,756,570,642,4944,375,1514,1857,761,537,404,5388
formate dehydrogenase, beta subunit,180,319,209,169,181,270,243,101,367,470,337,327,167,242
formate dehydrogenase, gamma subunit,129,318,149,127,119,276,152,41,119,230,263,259,223,177
Form I,9251,3428,9767,4437,3342,356,264,500,1939,649,448,546,481,270
Form II,0,0,0,0,0,0,0,0,0,0,0,0,0,0
Form III,1922,1991,4283,2067,1433,566,384,301,426,599,512,520,548,396
Form II/III,35,78,49,43,30,79,129,25,53,118,69,85,46,134
Form IV,0,0,0,0,0,0,0,0,0,0,0,0,0,0
Formylmethanofuran:tetrahyromethanopterin formyltransferase,4,9,13,4,11,15,4,1,7,8,10,13,11,7
glutathione/glutaredoxin type,0,0,0,0,0,0,0,0,0,0,0,0,0,0
Group 1,2083,2146,587,814,365,1181,3274,2621,4604,7467,4896,3106,994,3785
Group 2a,0,2,3,8,5,3,0,0,7,9,0,0,0,0
Group 2b,0,0,0,0,0,0,0,0,0,0,0,0,0,0
Group 3a,0,0,0,0,0,0,0,0,0,0,0,0,0,0
Group 3b,39,113,33,8,2,14,190,8,68,97,46,15,19,212
Group 3c,0,0,0,0,0,0,0,0,0,0,0,0,0,0
Group 3d,124,183,54,45,2,32,36,21,479,148,60,45,29,66
Group 4,0,0,0,0,0,0,0,0,7,1,3,0,0,0
Group A,0,0,0,0,0,0,0,0,0,0,0,0,0,0
Group B1/B3,35,128,114,112,101,139,79,27,96,178,118,116,79,91
Haloacid dehydrogenase,277,715,454,881,286,403,626,128,439,615,407,380,287,720
hzoA,0,0,0,0,0,0,0,0,0,0,0,0,0,0
hzsA,0,0,0,0,0,0,0,0,0,0,0,0,0,0
madA,0,15,39,8,28,16,6,4,4,12,12,20,12,12
madB,11,18,83,7,51,30,15,1,6,29,38,23,20,29
mcr alpha,0,0,0,0,0,0,0,0,0,0,0,0,0,0
methenyltetrahydromethanopterin cyclohydrolase,5,6,4,1,8,14,1,0,5,7,10,5,5,5
mmoB,681,1223,254,468,283,659,814,153,679,1266,1011,875,824,705
mmoD,0,0,0,0,0,0,0,0,0,0,0,0,0,0
Mo-Fe type Alpha,0,0,0,0,0,0,0,0,0,0,0,0,0,0
Mo-Fe type beta,0,0,0,0,0,0,0,0,0,0,0,0,0,0
molybdenum-binding subunit,0,0,0,0,0,0,0,0,0,0,0,0,0,0
mtrA,79,233,59,137,112,355,391,106,237,849,820,799,329,453
mtrC,14,120,41,38,64,57,27,12,46,136,229,189,53,51
napA,0,0,0,0,0,0,0,0,0,0,0,0,0,0
napB,3,6,1,2,0,4,9,0,0,0,0,3,1,4
narG,0,0,0,0,0,0,0,0,0,0,0,0,0,0
narH,0,0,0,0,0,0,0,0,0,0,0,0,0,0
NDMA-dependent methanol dehydrogenase EC 1.1.1.244,0,0,0,0,0,0,0,0,0,0,0,0,0,0
nifH,0,0,0,0,0,0,0,0,0,0,0,0,0,0
NirB,0,0,0,0,0,0,0,0,0,0,0,0,0,0
NirD,0,0,0,0,0,0,0,0,0,0,0,0,0,0
nirK,0,0,0,0,0,0,0,0,0,0,0,0,0,0
nirS,0,0,0,0,0,0,0,0,0,0,0,0,0,0
norB,102,280,86,36,19,163,181,62,257,298,218,181,69,211
norC,84,209,308,72,157,312,48,30,86,249,315,286,101,53
nosD,0,0,0,0,0,0,0,0,0,0,0,0,0,0
nosZ,0,0,0,0,0,0,0,0,0,0,0,0,0,0
nrfD,0,0,0,0,0,0,0,0,0,0,0,0,0,0
nthA,50,178,106,162,108,219,132,26,99,232,158,169,128,157
nthB,14,46,26,20,27,46,5,1,7,13,11,13,16,2
nxrA,37,131,62,44,101,152,18,21,44,74,355,365,115,44
nxrB,0,0,0,0,0,0,0,0,0,0,0,0,0,0
octR,289,511,76,38,1,125,693,18,488,763,441,391,185,608
pcrA,0,0,0,0,4,0,2,0,1,3,0,0,2,0
pcrB,7,19,11,126,9,24,15,7,6,39,13,16,8,21
phsA,0,0,0,0,0,0,0,0,0,0,0,0,0,0
pmoA,46,212,129,80,55,186,53,89,149,278,430,400,184,112
pmoB,222,407,176,132,98,465,220,181,151,256,628,759,317,262
pmoC,40,249,287,73,97,279,47,111,334,616,546,481,385,70
pqq EC 1.1.2.7,2365,8158,10388,3506,6921,8587,3176,1353,3821,9593,8790,9443,3929,3565
QoxA,0,0,0,0,0,0,0,0,0,0,0,0,0,0
QoxB,0,0,0,0,0,0,0,0,0,0,0,0,0,0
Reductive dehalogenase,8,8,15,13,18,31,5,0,7,8,24,24,15,2
sat,0,0,0,0,0,0,0,0,0,0,0,0,0,0
S-formylglutathione hydrolase,19,55,111,31,79,41,18,4,10,45,34,50,20,19
S-(hydroxymethyl)glutathione dehydrogenase,28,165,931,236,655,202,103,19,76,190,180,163,93,114
S-(hydroxymethyl)mycothiol dehydrogenase,0,0,0,0,0,0,0,0,0,0,0,0,0,0
soxB,0,0,0,0,0,0,0,0,0,0,0,0,0,0
soxC,0,0,0,0,0,0,0,0,0,0,0,0,0,0
soxY,0,0,0,0,0,0,0,0,0,0,0,0,0,0
Sqr,0,0,0,0,0,0,0,0,0,0,0,0,0,0
sulfur dioxygenase,0,0,0,0,0,0,0,0,0,0,0,0,0,0
thioredoxin,70,120,91,98,41,74,129,39,104,114,69,66,35,167
ureA,0,0,0,0,0,0,0,0,0,0,0,0,0,0
ureB,0,0,0,0,0,0,0,0,0,0,0,0,0,0
ureC,0,0,0,0,0,0,0,0,0,0,0,0,0,0
Vanadium-type alpha,0,0,0,0,0,0,0,0,0,0,0,0,0,0
Vanadium-type beta,0,0,0,0,0,0,0,0,0,0,0,0,0,0
Vanadium-type delta,0,0,0,0,0,0,0,0,0,0,0,0,0,0
YgfK,0,0,0,0,0,0,0,0,0,0,0,0,0,0
