cycle,L1,L2,G11.1.rna,G11.2.rna,G11.3.rna,G11.4.rna,G11.5.rna,G1.1.rna,G11B.1.rna,G11C.1.rna,G1.2.rna,G1.3.rna,G1.4.rna,G1.5.rna,G1B.1.rna,G1C.1.rna,V10A.1.rna,V10A.2.rna,V10A.3.rna,V10A.4.rna,V10A.5.rna,V10B.1.rna,V10C.1.rna
Carbon,01_Fermentation,Bifidobacterium shunt,14726,32022,25430,23092,15231,7525,20169,39856,25234,36347,26364,21611,14805,45813,7834,10940,15651,17879,22288,14745,22683
Carbon,01_Fermentation,Acetylene degradation,10255,32315,16293,31858,8444,6414,11813,26448,23440,30610,17396,13205,10624,30947,5547,10198,11459,12434,12790,11446,15215
Carbon,01_Fermentation,Glutamate degradation V (via hydroxyglutarate),7494,14179,12364,15538,7866,4164,10028,16740,13695,15745,10867,9709,8214,18469,4908,7760,9918,9848,11596,9165,12540
Carbon,01_Fermentation,Heterolactic fermentation,6212,14608,8663,13458,7745,3735,9660,20854,13464,18219,11341,10239,7536,23307,3681,4991,7783,8027,10361,7252,9523
Carbon,01_Fermentation,Lysine fermentation to acetate and butyrate,2241,2640,5213,5061,1649,423,1306,2107,1344,1782,1388,1195,1322,2295,684,1501,2265,1782,1953,1686,2052
Carbon,01_Fermentation,Mixed acid fermentation,18619,35805,32111,57151,22812,12169,25516,43692,33795,47280,31611,25716,18873,48132,13065,18805,26313,29148,30394,23660,30100
Carbon,01_Fermentation,Pyruvate fermentation to butanol,9798,27464,16527,23874,12058,4823,11899,24004,22464,25906,16725,14862,11973,26507,5219,7353,11603,13495,18530,10042,15650
Carbon,01_Fermentation,Homolactic fermentation,1081,3714,3717,4397,3062,940,3121,2524,2284,3779,3166,3081,2043,2892,1417,2539,2375,2327,3388,2780,3200
Carbon,01_Fermentation,Succinate fermentation to butyrate,3114,8114,2704,3073,2373,1035,2100,6000,5669,5909,3079,2231,1998,6739,1093,1432,2162,2684,2947,1968,3261
Carbon,01_Fermentation,Acetyl-coA fermentation to butyrate II (clostridium),867,1786,2595,3945,1512,442,1387,1607,1041,2087,1492,1279,953,1627,592,1106,1565,1458,1696,1459,1554
Carbon,01_Fermentation,Acetoin biosynthesis,12830,26364,15495,25986,11086,10949,12442,58028,26414,35088,18195,14489,10367,61059,7296,10188,12711,13544,15243,12848,15279
Carbon,01_Fermentation,Pyruvate Fermentation,25195,82728,43832,76551,35204,15951,37314,79747,63405,76253,50739,41365,35465,87937,18911,27434,38910,42216,52543,36376,49734
Carbon,08_Hydrocarbon degradation,Polycyclic aromatic hydrocarbon degradation,31393,84736,64719,86698,43595,48429,56731,81643,79347,114520,94540,83622,47619,95296,34606,39661,54018,53769,58111,48532,61725
Carbon,08_Hydrocarbon degradation,Hydrocarbon degradation,6031,19418,11057,17487,7969,3735,9110,14765,17681,27164,13529,10246,6998,15611,4328,8027,8257,7823,10468,7825,12276
Carbon,08_Hydrocarbon degradation,Aromatic carboxylic acid degradation,8168,22826,17000,23502,11175,6753,15272,28448,18328,26632,16751,14475,11145,32199,7064,10913,12022,12696,15961,12090,15793
Carbon,08_Hydrocarbon degradation,BTEX and related aromatics degradation,2433,5071,3664,3591,2499,1296,5141,4314,4302,5957,4915,5058,3199,4715,1694,2151,3353,3004,3746,2706,3451
Carbon,08_Hydrocarbon degradation,Chlorinated aromatics degradation,185,297,257,168,107,122,212,286,301,546,240,207,199,369,61,103,122,140,221,167,212
Carbon,08_Hydrocarbon degradation,Heterocyclic aromatics degradation,0,0,0,0,0,0,0,0,0,0,0,0,0,0,0,0,0,0,0,0,0
Carbon,08_Hydrocarbon degradation,Nitoaromatics degradation,114,401,335,355,307,90,446,293,276,533,392,385,284,323,157,224,227,259,412,281,410
Carbon,08_Hydrocarbon degradation,Other aromatics degradation,11519,21030,18212,20980,11470,5097,14943,21255,15738,22130,16329,14569,10123,23577,6076,9787,11224,11947,13784,11324,15640
Carbon,08_Hydrocarbon degradation,Polycyclic aromatics degradation,497,781,623,1118,228,187,371,1219,798,1039,616,526,408,1564,233,289,450,574,672,433,611
Carbon,09_Carbohydrate Active enzyme - CAZy,Glycosyltransferase,38676,83941,60246,92884,41336,28356,47770,96196,79714,108300,69466,57447,41461,107277,30549,46716,53031,58271,66188,52731,68969
Carbon,09_Carbohydrate Active enzyme - CAZy,Glycoside hydrolase,38822,59702,53488,48626,27665,17542,35140,55361,45815,65325,45928,39580,26412,62681,17822,25388,32465,37158,38488,30890,40658
Carbon,09_Carbohydrate Active enzyme - CAZy,Polysaccharide lyase,22940,36246,23588,21250,11754,10952,20231,47594,36460,44031,29100,23434,17200,56731,7765,11750,15836,17972,18413,14657,21375
Carbon,09_Carbohydrate Active enzyme - CAZy,Carbohydrate esterase,8632,16208,17007,16399,9633,4633,11895,18014,13245,18704,14160,12578,8562,20483,5148,7321,9082,10083,12105,9603,11754
Nitrogen,11_Nitrogen cycle,Denitrification,14049,39462,29194,21566,12917,10094,19052,25672,31850,44826,31400,27250,13446,29455,9559,12014,13158,14110,16991,13991,21439
Nitrogen,11_Nitrogen cycle,Assimilatory nitrate reduction,5548,12681,10420,14106,6545,3279,5430,24152,10741,14482,7044,5249,4573,27516,4520,6548,5811,6102,7218,6749,7823
Nitrogen,11_Nitrogen cycle,Dissimilatory nitrate reduction,403,914,725,285,389,162,720,973,766,1069,833,655,342,1017,222,210,340,321,524,270,492
Nitrogen,11_Nitrogen cycle,Hydroxylamine reduction,41,135,109,105,76,18,143,57,61,119,96,138,62,60,29,30,45,75,123,46,91
Nitrogen,11_Nitrogen cycle,Nitrogen Fixation,464,1228,861,1033,1138,156,1417,881,741,1056,1229,1315,871,884,236,377,683,720,1030,588,819
Nitrogen,11_Nitrogen cycle,Ammonia assimilation,17541,25619,43390,20574,31476,5783,18574,23905,20898,25759,20071,18506,11515,27484,6267,9893,12894,13735,17449,11691,17932
Nitrogen,11_Nitrogen cycle,Nitrification (aerobic ammonia oxydation bacterial and archea),2998,4869,1848,700,821,7456,2403,9068,21209,23317,11333,9345,3597,9183,295,802,2937,2519,3675,1022,0
Nitrogen,11_Nitrogen cycle,Nitrification,69,279,33,72,77,131,312,537,242,892,966,773,297,605,10,11,29,20,21,20,16
Carbon,13_Hydrogen metabolism,Hydrogen oxidation aerobic,0,0,0,0,0,0,0,0,0,0,0,0,0,0,0,0,0,0,0,0,0
Carbon,13_Hydrogen metabolism,Hydrogen production,0,0,0,0,0,0,0,0,0,0,0,0,0,0,1,0,0,0,0,0,0
Carbon,13_Hydrogen metabolism,Hydrogen production VII (chlorophyta cyanobacteria),0,0,0,0,0,0,0,0,0,0,0,0,0,0,0,0,0,0,0,0,0
Carbon,14_Methanogenesis,From methanol,38772,88209,55937,76336,39575,22342,52164,98628,69190,94642,71947,62591,41689,114460,22984,32055,47433,57047,67615,42501,65059
Carbon,14_Methanogenesis,From acetate,13385,32370,24461,25696,8573,5318,13276,21988,23702,27261,16831,13453,10568,24177,4868,8283,10601,10008,10731,8400,12300
Carbon,14_Methanogenesis,From trimethylamine,1774,3695,2321,3717,2110,1014,2028,6209,3841,4329,2844,2281,1850,6483,1085,1813,2444,3199,4119,2473,3834
Carbon,14_Methanogenesis,From dimethylamine,1,0,4,2,0,0,0,0,0,0,4,1,0,0,0,0,4,6,6,2,2
Carbon,14_Methanogenesis,From formate,14238,26053,15459,22001,12848,9964,18238,30044,28322,38252,25338,20008,14545,34119,8010,10192,14577,15362,18729,12927,17848
Carbon,14_Methanogenesis,From methylamine,0,0,12,4,0,0,7,0,0,6,0,0,2,0,0,0,2,0,0,2,2
Carbon,14_Methanogenesis,From CO2,0,0,0,0,0,0,0,0,0,0,0,0,0,0,0,0,0,0,0,0,0
Carbon,15_Methylotrophy,Methane oxidation to cO2,24695,40220,22768,26866,15785,10732,19643,34443,28895,43508,30150,27081,20202,36815,8669,11131,15001,15175,15859,12254,19241
Carbon,15_Methylotrophy,Methanol oxidation to formaldehyde,2655,5790,4389,4379,2540,1437,3309,6697,3960,5678,4840,4033,2527,7489,1414,1733,2623,3275,4012,2194,3696
Carbon,15_Methylotrophy,Methylamine to formaldehyde,24,99,182,46,116,12,104,29,41,89,139,114,78,62,33,29,26,42,78,34,54
Carbon,15_Methylotrophy,Formaldehyde oxidation (h4mpt pathway),7,14,7,21,16,2,28,26,12,16,14,15,26,20,6,7,11,13,22,5,19
Carbon,15_Methylotrophy,Formaldehyde oxidation (tetrahydrofolate pathway),390,793,519,884,470,177,541,976,626,716,594,537,484,1225,221,328,410,588,913,495,713
Carbon,15_Methylotrophy,Formaldehyde oxidation (glutathione-dependent),496,1292,2264,862,1371,386,1099,778,859,1557,1282,1274,759,857,381,449,606,714,975,592,829
Carbon,15_Methylotrophy,RuMP pathway for formaldehyde fixation (first two steps are common to both RuMP pathway variants),1519,3416,1887,2817,1592,742,2545,2620,2670,3625,2612,2118,1719,2787,798,1256,1688,2018,2411,1535,2222
Carbon,15_Methylotrophy,Serine pathway for formaldehyde fixation,5681,13278,9009,20195,7459,4526,7286,20776,15685,19477,11306,8318,6304,22633,5508,6833,9166,10979,14526,8883,13431
Carbon,15_Methylotrophy,Methane oxydation,2185,4157,576,1043,461,375,912,1884,2055,2677,2289,1952,1846,2001,310,496,810,803,553,466,981
Sulfur,18_Sulfur compounds metabolism,Chemoautotrophic oxidation of sulfur compounds,21744,48100,37544,53678,34110,11890,27093,52358,36445,53443,37731,29928,27183,55092,17988,24371,29035,35442,48373,35429,52462
Sulfur,18_Sulfur compounds metabolism,Sulfate reduction (assimilatory),7751,17050,11882,21041,10624,3757,8158,23241,16954,18807,11189,9083,8382,24315,5672,8507,11249,12263,14215,11733,15666
Sulfur,18_Sulfur compounds metabolism,Sulfate reduction (dissimilatory),0,0,0,0,1,0,6,0,0,0,0,0,3,0,0,1,0,0,0,0,0
Sulfur,18_Sulfur compounds metabolism,Sulfite oxidation,1655,3547,2566,3927,1359,904,1721,4744,2983,3874,2186,1793,1524,5578,782,1138,1606,1758,1890,1299,2036
Sulfur,18_Sulfur compounds metabolism,Sulfoacetaldehyde degradation,2530,5380,3956,4117,3030,1687,3236,4830,4733,6673,3876,2923,2438,5321,1904,2283,3049,3224,3808,3174,4149
Sulfur,18_Sulfur compounds metabolism,Sulfolactate degradation,3074,6749,6301,5618,4583,1936,4890,7962,5563,8174,5790,5283,3466,9290,2030,2716,3468,4161,5297,3506,5130
Sulfur,18_Sulfur compounds metabolism,Sulfur disproportionation,0,0,0,0,0,0,0,0,0,0,0,0,0,0,0,0,0,0,0,0,0
Sulfur,18_Sulfur compounds metabolism,Thiosulfate disproportionation,0,7,11,7,13,5,9,18,19,34,11,10,13,27,15,39,16,14,19,20,24
Phosphate,Phosphate,Alk_phosphatase,0,0,0,0,0,0,0,0,0,0,0,0,0,0,0,0,0,0,0,0,0
Phosphate,Phosphate,PAP2,1291,3519,1232,1487,678,1445,1432,3131,2085,3033,2202,1774,1361,3538,1236,1690,1649,2051,1752,1858,2342
Phosphate,Phosphate,PhnH,0,3,3,16,0,0,8,1,1,9,4,2,0,0,0,0,0,0,14,4,2
Phosphate,Phosphate,Phytase,0,0,0,0,0,0,0,0,0,0,0,0,0,0,0,0,1,3,0,0,0
Phosphate,Phosphate,PP_kinase_C,0,0,0,0,0,0,0,0,0,0,0,0,0,0,0,0,0,0,0,0,0
Phosphate,Phosphate,Ppx-GppA,539,868,507,683,330,258,490,3374,1044,927,513,424,378,3474,235,312,495,600,614,463,754
