cycle,L1,L2,G11A.2015.1.dna,G11A.2015.2.dna,G11A.2015.3.dna,G11A.2015.4.dna,G11A.2015.5.dna,G11B.2015.1.dna,G11B.2015.2.dna,G11B.2015.3.dna,G11B.2015.4.dna,G11B.2015.5.dna,G11C.2015.1.dna,G11C.2015.2.dna,G11C.2015.3.dna,G11C.2015.4.dna,G11C.2015.5.dna,G1A.2015.1.dna,G1A.2015.2.dna,G1A.2015.3.dna,G1A.2015.4.dna,G1A.2015.5.dna,G1B.2015.1.dna,G1B.2015.2.dna,G1B.2015.3.dna,G1B.2015.4.dna,G1B.2015.5.dna,G1C.2015.1.dna,G1C.2015.2.dna,G1C.2015.3.dna,G1C.2015.4.dna,G1C.2015.5.dna,V10A.2015.1.dna,V10A.2015.2.dna,V10A.2015.3.dna,V10A.2015.4.dna,V10A.2015.5.dna,V10B.2015.1.dna,V10B.2015.2.dna,V10B.2015.3.dna,V10B.2015.4.dna,V10B.2015.5.dna,V10C.2015.1.dna,V10C.2015.2.dna,V10C.2015.3.dna,V10C.2015.4.dna,V10C.2015.5.dna
Carbon,01_Fermentation,Bifidobacterium shunt,650433,1255422,1124080,901454,838905,75723,108890,81881,117786,103691,101136,93704,89378,94251,118586,1060341,912039,830637,981489,882852,97192,118386,97154,113379,100921,119875,137809,141838,104562,114518,779700,911871,1008777,778309,965210,87443,104431,105152,129153,102660,101215,109601,116213,97505,95329
Carbon,01_Fermentation,Acetylene degradation,398578,694801,573536,476180,458075,48613,61022,45228,65523,55546,68056,56562,50079,52537,63990,695208,559566,536407,568208,506642,61327,68612,57500,63769,56483,75814,82010,92465,62078,72050,475280,502659,498799,410760,470093,60152,61446,57389,68414,53537,67382,61708,61763,50917,46750
Carbon,01_Fermentation,Glutamate degradation V (via hydroxyglutarate),359599,683744,599525,527000,534136,45095,61425,50975,70723,62910,58525,53478,52070,56106,68911,567230,490246,443756,545725,506297,54618,70015,56342,68364,61497,65340,76320,78778,61337,69567,433473,465943,505931,435992,539914,52108,57140,57042,73674,62985,59204,60159,62867,55152,52541
Carbon,01_Fermentation,Heterolactic fermentation,329156,634629,544821,488424,486407,39718,57073,45746,65030,56094,50891,46063,47970,52912,60546,521265,437752,421980,500643,460792,49897,64965,51557,62633,55841,62636,73811,74405,58855,64505,403705,450825,509929,429474,580591,52252,57338,55514,72392,69013,55342,58166,57668,54156,55111
Carbon,01_Fermentation,Lysine fermentation to acetate and butyrate,49727,90921,74883,59538,59675,5857,7701,5641,8117,7891,7748,6501,6046,6521,7965,78735,66621,62426,69190,59973,7305,7738,6412,7633,6610,9198,9463,10240,7296,7725,56920,61154,65493,53001,66333,7141,7617,7437,9324,7472,7729,7645,7698,6320,6831
Carbon,01_Fermentation,Mixed acid fermentation,889893,1649394,1407847,1192538,1167653,108579,143394,112035,161792,138415,144487,127105,119939,128345,157773,1471612,1231556,1139540,1306167,1178794,135979,160372,129881,155349,138706,157776,182036,194381,138036,158827,1031909,1116944,1197945,976314,1199274,125800,137206,131922,164548,133394,143430,136221,143341,122738,116441
Carbon,01_Fermentation,Pyruvate fermentation to butanol,275289,524098,455730,380892,396484,34359,45519,35936,52627,48775,44487,40509,39418,42264,53220,446676,380861,335833,411784,376700,41470,49369,40983,50009,44751,49665,55443,58151,43824,48678,334139,353665,380656,317922,396173,40189,43865,43996,53397,44717,46131,44210,46413,39478,37472
Carbon,01_Fermentation,Homolactic fermentation,80186,151696,132120,112528,112317,10130,12721,10104,14961,13338,13088,11138,11252,11906,15452,130015,109781,99891,119339,106871,11878,14378,11680,14249,12715,13922,16196,16975,12551,14220,95611,100844,112556,91810,114625,11315,12242,12144,15375,12994,13122,12679,13491,11545,11342
Carbon,01_Fermentation,Succinate fermentation to butyrate,35666,61820,51199,42799,44395,4322,5199,4238,5859,5490,5929,4944,4308,4552,5715,63211,51308,47846,48934,43959,5502,5678,4653,5701,4897,6598,6676,7833,4814,5785,38138,39493,42161,33810,44775,4927,5217,4617,6018,5186,5423,4750,5060,4342,4246
Carbon,01_Fermentation,Acetyl-coA fermentation to butyrate II (clostridium),36559,69028,61570,49691,47520,4483,5768,4393,6772,5525,5907,5382,5107,5587,7359,72154,55516,53715,57258,50440,6048,6296,5526,6304,5443,7707,7937,8888,5772,6754,54259,58277,48891,39771,44676,6806,7032,6731,6952,5146,7880,6441,6523,4807,4329
Carbon,01_Fermentation,Acetoin biosynthesis,293808,528986,437819,380458,390463,36344,45847,36694,52164,47106,46985,40363,39316,41425,50533,447368,384153,353602,407047,366271,41676,49540,39184,49189,43600,49535,56817,60607,42718,49569,301985,320002,369471,301439,393999,37001,40715,39905,52600,45852,41862,41313,43550,39525,38806
Carbon,01_Fermentation,Pyruvate Fermentation,1025681,1867460,1604841,1386770,1412701,131565,165943,132748,190743,171862,171163,146560,140685,151258,185042,1662155,1390266,1271670,1487270,1359068,152813,183236,148204,182311,162560,182349,204593,219778,160713,181462,1189065,1245390,1360455,1131659,1421648,146494,157255,152916,190246,161258,166749,156734,163279,141062,134829
Carbon,08_Hydrocarbon degradation,Polycyclic aromatic hydrocarbon degradation,1537170,2839190,2381158,2005950,1964578,186896,244972,185640,274560,232032,259366,220878,202431,219500,270332,2614314,2130671,1997996,2223513,2010655,233986,272643,228387,262093,231920,289220,318945,341792,242166,274633,1870634,1958803,2000517,1656344,1957202,233447,244861,226693,273536,212832,271504,235424,243194,202322,188703
Carbon,08_Hydrocarbon degradation,Hydrocarbon degradation,242877,445131,382148,324235,344521,31210,37632,29464,44670,39718,41111,34846,32572,35640,44639,417520,337464,313097,347456,312210,36344,40109,33439,40096,36428,43696,47589,51303,35315,41133,299897,295718,303945,248813,321759,37303,37740,35179,42251,35425,43787,36222,37779,31350,29415
Carbon,08_Hydrocarbon degradation,Aromatic carboxylic acid degradation,562549,1029963,872147,707311,679970,70328,86843,65027,97027,82958,94412,81409,72646,77449,97132,988458,811113,758896,826742,733958,86406,95635,82491,92029,80570,107975,117346,126693,88203,99351,688173,712872,709600,585780,689666,87944,89696,84849,97245,76794,100948,87634,89863,73646,68256
Carbon,08_Hydrocarbon degradation,BTEX and related aromatics degradation,184308,346401,307905,258799,246932,22730,30215,24360,34896,30771,30388,26517,25924,28478,34351,280254,243807,226514,270432,252473,27269,33905,28242,32987,29838,32570,37179,38149,30513,32790,235288,252638,273626,227417,261631,27416,29667,29823,36685,28686,30471,30711,31937,27398,24814
Carbon,08_Hydrocarbon degradation,Chlorinated aromatics degradation,16512,27013,19864,15145,14112,2285,2242,1430,2311,1869,3055,2288,1832,1813,2174,31444,24082,22476,22371,19546,2588,2148,2034,2056,1907,2810,2981,3399,2154,2609,21253,20702,18697,14171,14991,2672,2561,2151,2226,1477,3662,2382,2232,1615,1427
Carbon,08_Hydrocarbon degradation,Heterocyclic aromatics degradation,0,0,0,0,0,0,0,0,0,0,0,0,0,0,0,0,0,0,0,0,0,0,0,0,0,0,0,0,0,0,0,0,0,0,0,0,0,0,0,0,0,0,0,0,0
Carbon,08_Hydrocarbon degradation,Nitoaromatics degradation,13653,25565,23764,20256,19844,1535,2164,1795,2568,2373,2171,2012,1820,2004,2516,23042,18711,17398,21101,19278,2032,2813,2172,2622,2330,2667,2849,2994,2139,2478,16184,17310,19064,16256,18032,2211,2297,2129,2808,2262,2282,2277,2326,1998,1840
Carbon,08_Hydrocarbon degradation,Other aromatics degradation,564609,1098912,951706,798315,770542,68086,95046,73775,104369,93644,90960,82317,77991,83176,105449,873633,760391,690532,836483,767322,83922,104449,88586,103275,92706,101383,120909,122416,94232,104938,672939,732453,803139,673485,792700,79735,88022,88695,110618,90460,91375,92596,97115,83529,81454
Carbon,08_Hydrocarbon degradation,Polycyclic aromatics degradation,11699,19477,16465,12160,10481,1449,1843,1120,1315,1272,1845,1620,1088,1113,1390,17808,15909,13002,13791,11606,1667,1780,1306,1264,1099,2115,2548,2886,1702,2134,10773,11802,13095,10195,14154,1453,1714,1438,1577,1530,1650,1538,1680,1172,1440
Carbon,09_Carbohydrate Active enzyme - CAZy,Glycosyltransferase,1180107,2196759,1903684,1652354,1596191,140242,196250,153684,220342,190532,194356,169505,166537,173883,210673,1845368,1608583,1480281,1729538,1564092,173572,221342,174372,214352,188468,205757,241474,256865,183502,210470,1225020,1423705,1699781,1355877,1703128,148096,170936,168426,226768,187060,163677,184294,192631,172965,168322
Carbon,09_Carbohydrate Active enzyme - CAZy,Glycoside hydrolase,1209244,2185415,1793926,1536621,1438757,143670,195065,143754,203060,162411,193937,168117,151459,162443,201641,1989085,1658572,1544674,1652282,1453905,172746,198565,163676,193259,170622,206015,237223,253630,170723,200861,1193606,1347297,1533941,1212887,1533296,149039,162805,155625,196783,160738,174376,167832,181167,153330,149235
Carbon,09_Carbohydrate Active enzyme - CAZy,Polysaccharide lyase,793104,1446684,1206992,932821,828347,83742,125447,82363,120808,103396,117742,104744,90903,95540,115728,1149453,1008285,902660,1009788,886910,113966,129937,111107,113470,99561,136700,167007,188039,117574,135983,768622,935185,1002219,786236,944332,98982,112865,109638,135059,103712,105928,109974,117585,100129,101781
Carbon,09_Carbohydrate Active enzyme - CAZy,Carbohydrate esterase,523964,933834,749004,629495,598703,64560,79571,58605,86108,69776,90317,74532,65383,68918,83934,891352,727697,680796,739519,657617,77855,89704,75884,84820,75249,98355,108896,118512,79576,92259,615224,621427,632809,515315,608988,75258,77941,72511,87181,67354,87396,75401,78838,64001,60044
Nitrogen,11_Nitrogen cycle,Denitrification,423601,783637,618091,489373,436706,46654,64421,42240,64624,55933,60773,55957,47581,51156,64458,599676,535984,494783,531410,468101,56432,66360,55138,62157,54676,66683,78467,84010,56327,65124,403701,454605,496613,392688,474927,50240,55388,52284,66977,52687,54892,54436,59000,49455,47482
Nitrogen,11_Nitrogen cycle,Assimilatory nitrate reduction,194416,328737,256939,218346,211984,23281,28368,20768,29601,25162,32815,26598,22430,23930,28626,324820,258075,253487,258392,229660,28487,31351,26017,28753,25245,36631,39439,43477,28021,33083,215435,220572,207765,171978,209521,27852,28379,25180,30512,23814,31509,26018,25817,21327,20278
Nitrogen,11_Nitrogen cycle,Dissimilatory nitrate reduction,27060,47178,38248,30964,28351,3347,4259,3106,3963,3957,4530,3593,3102,3239,3868,39463,34235,31451,34430,31008,3727,4305,3694,3996,3421,4627,5435,5760,4029,4141,29514,31420,33872,27108,31797,3297,4001,3925,4692,3858,3679,3954,4394,3599,3577
Nitrogen,11_Nitrogen cycle,Hydroxylamine reduction,3164,6423,5842,4671,4465,389,556,381,586,563,389,430,368,452,616,4506,4228,3629,4394,3905,441,549,384,496,407,440,657,556,468,481,3853,4131,3827,2968,4001,408,511,473,561,445,394,512,514,359,406
Nitrogen,11_Nitrogen cycle,Nitrogen Fixation,10551,20897,18598,18802,17955,1372,1981,1814,2277,1953,1753,1468,1705,1790,2234,16654,14801,12849,16889,15478,1546,2380,1793,2507,2143,1903,2162,2458,1738,2099,10764,11684,15801,12355,17097,1293,1655,1624,2206,2119,1557,1625,1722,1811,1823
Nitrogen,11_Nitrogen cycle,Ammonia assimilation,392978,729375,614440,530741,532131,48400,63134,49599,71478,65358,59649,54898,52214,56501,69814,574688,504554,445888,546522,496231,54461,69003,54526,69885,61828,62901,75264,77052,58609,65185,426255,473734,554714,443287,568863,50229,57610,56539,74616,65310,57161,57875,63006,56121,55287
Nitrogen,11_Nitrogen cycle,Nitrification (aerobic ammonia oxydation bacterial and archea),5842,10758,9606,7293,7147,643,934,552,939,798,692,648,622,721,1003,9122,8464,7540,8241,7242,917,1077,971,879,717,1085,1170,1123,913,1021,5558,9373,10700,9149,9025,771,1038,1043,1167,1033,922,1038,1200,1028,0
Nitrogen,11_Nitrogen cycle,Nitrification,448,1318,554,525,344,46,86,42,63,60,80,36,54,72,53,1265,1210,1204,1207,1006,140,122,90,104,95,160,130,176,93,119,47,81,167,124,132,8,4,14,37,11,4,15,6,13,9
Carbon,13_Hydrogen metabolism,Hydrogen oxidation aerobic,0,0,0,0,0,0,0,0,0,0,0,0,0,0,0,0,0,0,0,0,0,0,0,0,0,0,0,0,0,0,0,0,0,0,0,0,0,0,0,0,0,0,0,0,0
Carbon,13_Hydrogen metabolism,Hydrogen production,62,227,87,30,30,1,1,2,1,7,2,1,0,0,2,6,9,3,2,3,1,1,1,2,0,1,0,0,1,0,0,8,2,1,4,2,0,0,1,5,0,0,1,2,2
Carbon,13_Hydrogen metabolism,Hydrogen production VII (chlorophyta cyanobacteria),0,0,0,0,0,0,0,0,0,0,0,0,0,0,0,0,0,0,0,0,0,0,0,0,0,0,0,0,0,0,0,0,0,0,0,0,0,0,0,0,0,0,0,0,0
Carbon,14_Methanogenesis,From methanol,1257165,2426421,2082564,1768670,1800897,148621,218781,166714,233950,211387,191093,181546,181235,187648,237672,1742023,1595243,1372429,1740568,1583253,167660,221660,177300,224072,196969,193219,244077,244375,189708,212396,1331125,1512430,1804781,1419946,1857377,153230,186249,186180,243397,207137,175211,200190,216795,188116,183138
Carbon,14_Methanogenesis,From acetate,443062,762876,631052,555214,547775,54581,67847,53301,78451,66530,72748,61979,56205,61547,74198,742912,606563,558515,612384,554372,64388,73731,59680,72826,66248,78797,84262,92984,63238,74841,495176,495705,500213,427287,511941,64658,63834,58049,69575,56836,74186,59280,61389,52034,47739
Carbon,14_Methanogenesis,From trimethylamine,55918,100766,82938,72317,74910,7282,9273,6754,9774,9005,8850,7933,7841,7425,9307,86680,75869,69437,79442,71274,8021,9707,7868,9286,8295,9373,11127,11240,8484,9777,59153,62247,75645,62493,83295,7069,8109,8182,10477,9455,8324,8534,8887,8352,8272
Carbon,14_Methanogenesis,From dimethylamine,43,81,51,52,56,5,6,3,6,2,11,8,3,8,8,67,58,52,92,77,0,1,8,4,4,5,29,6,10,5,27,33,46,31,50,3,9,9,2,10,13,3,6,0,11
Carbon,14_Methanogenesis,From formate,473084,868927,742632,652029,632074,59475,78030,63271,88245,77500,79043,67073,65223,69466,82308,758224,638855,592558,687284,633554,70548,88989,71720,87328,77715,86565,97058,102990,76893,86344,566383,598759,642107,549446,690817,71176,76772,72459,93554,81869,78133,74815,77513,68527,68077
Carbon,14_Methanogenesis,From methylamine,6,39,104,80,119,0,0,4,4,15,0,1,7,5,17,32,50,22,95,92,6,6,21,21,16,0,16,8,7,18,20,48,78,59,56,1,6,3,3,7,0,2,6,11,10
Carbon,14_Methanogenesis,From CO2,0,0,0,0,0,0,0,0,0,0,0,0,0,0,0,0,0,0,0,0,0,0,0,0,0,0,0,0,0,0,0,0,0,0,0,0,0,0,0,0,0,0,0,0,0
Carbon,15_Methylotrophy,Methane oxidation to cO2,251283,475824,378574,300169,271883,29167,39732,27308,41339,34014,38518,35465,31424,33881,40086,366239,323775,287634,332731,297887,34831,42599,37064,39298,34433,42953,48892,50436,36652,41001,276044,283123,289073,239756,276556,34055,36655,34759,40325,32018,38773,35117,36379,29874,27173
Carbon,15_Methylotrophy,Methanol oxidation to formaldehyde,66597,137522,119225,101883,99956,7964,12621,9968,13340,12854,10127,10047,10043,11100,13321,87747,84046,72627,97760,89002,9108,12226,10208,13299,11613,9931,12785,12498,10237,11004,74885,83344,110815,87500,112057,8075,10051,10581,14599,12498,9288,11287,12192,10957,11232
Carbon,15_Methylotrophy,Methylamine to formaldehyde,2471,5304,6533,4164,4381,248,587,346,535,411,256,451,431,463,589,3333,3608,2442,4344,3895,379,538,479,529,482,425,695,535,455,574,1955,2947,3289,2731,2951,217,396,424,529,368,322,445,513,411,256
Carbon,15_Methylotrophy,Formaldehyde oxidation (h4mpt pathway),1097,2249,2021,1650,1685,103,196,137,219,211,109,127,146,206,246,1514,1323,1153,1615,1515,165,214,165,195,196,148,169,162,152,127,914,1126,1518,1483,1770,95,136,120,181,163,120,141,127,167,150
Carbon,15_Methylotrophy,Formaldehyde oxidation (tetrahydrofolate pathway),26357,49218,42952,38299,40157,3271,4823,3825,5136,5131,3998,3933,4080,4270,4995,34859,31472,28131,37556,35381,3410,4854,3790,5015,4292,4080,5181,5235,4313,5116,28486,30461,38637,34086,45808,3321,3956,4173,5450,5463,3845,4166,4553,4336,4465
Carbon,15_Methylotrophy,Formaldehyde oxidation (glutathione-dependent),31626,59711,43970,34317,30942,4076,4699,3190,5443,3906,4839,4218,3603,4277,4783,51636,44264,40251,42008,36573,4553,5317,4555,4572,4175,5612,6019,6658,4515,5238,32070,34253,35041,27191,32793,3808,4367,3910,4844,3442,4383,3960,4171,3352,2943
Carbon,15_Methylotrophy,RuMP pathway for formaldehyde fixation (first two steps are common to both RuMP pathway variants),74683,138899,114495,96500,96388,9154,11928,9235,12868,11399,12407,10561,9575,10484,12886,123599,104452,98880,108891,97640,11225,13146,11006,12559,11592,13717,15012,16064,11428,13218,81107,88477,94949,80211,97420,10195,10851,10483,13610,11012,11530,10887,11469,10179,9477
Carbon,15_Methylotrophy,Serine pathway for formaldehyde fixation,157003,311973,274089,235150,246077,19544,27390,22566,31117,28897,24652,22867,23845,24742,30959,237076,213145,187811,237401,217586,23110,29953,23698,29819,26709,26336,32805,32612,26004,28494,169573,191056,223422,186763,252425,19682,22943,23916,31670,28262,22628,24868,26968,24365,24361
Carbon,15_Methylotrophy,Methane oxydation,2555,3174,2158,1948,1669,298,312,266,320,162,475,321,223,286,288,4584,3101,3426,2277,1877,343,334,262,327,241,433,375,517,230,282,2560,1979,1257,1034,751,407,272,157,186,97,499,159,167,103,63
Sulfur,18_Sulfur compounds metabolism,Chemoautotrophic oxidation of sulfur compounds,270359,497177,428201,364329,379355,35198,44362,34798,50307,49144,40531,37937,37931,40147,50404,393798,362435,309468,380243,341334,37409,46432,36581,47246,41875,42390,50397,51962,39245,44655,285172,308947,380348,310785,405373,33014,39856,39701,54270,49701,38049,41085,43305,39662,40778
Sulfur,18_Sulfur compounds metabolism,Sulfate reduction (assimilatory),113188,204226,165379,139613,143565,14359,17192,13055,19130,18067,19376,16003,14700,15603,19479,186217,160355,145032,160390,143873,16275,18863,15542,18549,16042,19587,21544,23476,16668,19092,125960,132840,146890,116088,145217,15365,16767,16764,19417,16872,17880,16663,17333,14832,14268
Sulfur,18_Sulfur compounds metabolism,Sulfate reduction (dissimilatory),95,159,285,297,224,13,6,17,32,21,7,20,26,38,48,128,142,86,236,254,26,40,61,19,24,25,54,29,44,34,217,212,206,334,261,32,68,33,38,55,18,40,31,25,24
Sulfur,18_Sulfur compounds metabolism,Sulfite oxidation,54688,95082,75880,66202,62395,6255,8066,6081,8547,7344,8600,7076,6487,6591,7864,80443,67567,64883,69022,61384,7369,8434,6778,8223,7306,9173,10185,11428,7172,8831,50031,53714,59976,48160,63644,6747,7225,6619,8455,7333,7451,6863,7105,6652,6497
Sulfur,18_Sulfur compounds metabolism,Sulfoacetaldehyde degradation,76495,146565,129306,109106,104938,10556,12914,10188,14883,12915,13276,11530,10639,11914,15474,134788,114238,104956,117340,106099,12229,14569,12068,14067,12447,14820,15898,16288,13025,14452,92684,99152,102227,88016,106977,11360,12091,12195,14295,12601,13310,12344,12600,10859,10167
Sulfur,18_Sulfur compounds metabolism,Sulfolactate degradation,192840,342358,299944,249349,249513,24173,30112,23541,31819,31356,33199,26790,24976,25673,33538,328289,268653,251296,281884,252736,28975,32468,27868,32459,28270,36698,40362,45469,30309,33990,225643,242154,250785,204641,254016,27357,29242,28982,34423,28247,30883,29364,30422,25638,24657
Sulfur,18_Sulfur compounds metabolism,Sulfur disproportionation,0,0,0,0,0,0,0,0,0,0,0,0,0,0,0,0,0,0,0,0,0,0,0,0,0,0,0,0,0,0,0,0,0,0,0,0,0,0,0,0,0,0,0,0,0
Sulfur,18_Sulfur compounds metabolism,Thiosulfate disproportionation,91,303,182,257,488,17,18,10,31,15,17,28,12,25,51,301,237,220,269,288,31,41,32,43,29,51,39,37,28,38,116,218,206,195,169,8,36,12,37,27,7,26,39,38,25
Phosphate,Phosphate,Alk_phosphatase,0,0,0,0,0,0,0,0,0,0,0,0,0,0,0,0,0,0,0,0,0,0,0,0,0,0,0,0,0,0,0,0,0,0,0,0,0,0,0,0,0,0,0,0,0
Phosphate,Phosphate,PAP2,44290,75383,63822,58056,59500,4816,7118,5768,8060,6180,6769,6156,5936,6179,8024,58421,51634,47879,56732,52408,5822,7373,5679,7670,6667,6369,8803,8929,6381,7333,40697,48058,57431,44857,58870,5082,5747,5456,7766,6289,5429,6122,6569,6427,5991
Phosphate,Phosphate,PhnH,416,752,1006,823,724,49,50,37,63,88,77,48,51,72,93,918,751,632,884,847,99,73,79,79,76,104,104,99,102,88,869,705,437,435,390,101,76,82,73,37,118,80,102,60,26
Phosphate,Phosphate,Phytase,1,8,1,2,3,7,0,0,0,0,1,0,0,4,0,2,12,5,21,22,2,6,0,15,2,0,2,0,0,1,8,18,8,9,2,0,1,2,5,1,0,1,0,2,2
Phosphate,Phosphate,PP_kinase_C,0,0,0,0,0,0,0,0,0,0,0,0,0,0,0,0,0,0,0,0,0,0,0,0,0,0,0,0,0,0,0,0,0,0,0,0,0,0,0,0,0,0,0,0,0
Phosphate,Phosphate,Ppx-GppA,24589,47567,38384,32178,32574,2782,4228,3184,4291,4275,3731,3567,3149,3452,4127,35394,32021,28105,35151,32819,3538,4307,3430,4113,3910,4131,4904,5186,3849,4358,27135,28521,31888,27708,34674,3012,3406,3431,4337,3745,3508,3441,3923,3366,3406
